##TITLE= Parameter file, TopSpin 3.6.2
##JCAMPDX= 5.0
##DATATYPE= Parameter Values
##NPOINTS= 1	$$ modification sequence number
##ORIGIN= Bruker BioSpin GmbH
##OWNER= AlHashimi
$$ 2023-08-22 14:11:52.690 -0400  AlHashimi@ps03drx600
$$ /opt/nmrdata/halhashimi/sima/LE_26_10C_22082023/5/pdata/1/clevels
$$ process /opt/topspin3.6.2/prog/mod/edparproc
##$LEVELS= (0..255)
-4272773.6 -3560644.7 -2967203.9 -2472669.9 -2060558.3 -1717131.9 -1430943.2
-1192452.7 -993710.6 -828092.2 -690076.8 -575064 -479220 -399350 -332791.7
-277326.4 -231105.3 -192587.8 -160489.8 -133741.5 -111451.3 -92876 -77396.7
-64497.3 -53747.7 -44789.8 -37324.8 -31104 -25920 -21600 -18000 -15000
15000 18000 21600 25920 31104 37324.8 44789.8 53747.7 64497.3 77396.7 92876
111451.3 133741.5 160489.8 192587.8 231105.3 277326.4 332791.7 399350 479220
575064 690076.8 828092.2 993710.6 1192452.7 1430943.2 1717131.9 2060558.3
2472669.9 2967203.9 3560644.7 4272773.6 0 0 0 0 0 0 0 0 0 0 0 0 0 0 0 0
0 0 0 0 0 0 0 0 0 0 0 0 0 0 0 0 0 0 0 0 0 0 0 0 0 0 0 0 0 0 0 0 0 0 0 0
0 0 0 0 0 0 0 0 0 0 0 0 0 0 0 0 0 0 0 0 0 0 0 0 0 0 0 0 0 0 0 0 0 0 0 0
0 0 0 0 0 0 0 0 0 0 0 0 0 0 0 0 0 0 0 0 0 0 0 0 0 0 0 0 0 0 0 0 0 0 0 0
0 0 0 0 0 0 0 0 0 0 0 0 0 0 0 0 0 0 0 0 0 0 0 0 0 0 0 0 0 0 0 0 0 0 0 0
0 0 0 0 0 0 0 0 0 0 0 0 0 0 0 0 0 0 0 0 0 0 0 0 0 0 0 0 0 0 0 0
##$LEVSIGN= 3
##$MAXLEV= 32
##$METHOD= 0
##$NEGBASE= -15000
##$NEGINCR= 1.2
##$POSBASE= 15000
##$POSINCR= 1.2
##END=
