##TITLE= Parameter file, TopSpin 4.0.6
##JCAMPDX= 5.0
##DATATYPE= Parameter Values
##NPOINTS= 9	$$ modification sequence number
##ORIGIN= Bruker BioSpin GmbH
##OWNER= AlHashimi
$$ 2024-06-14 14:07:18.511 -0400  simmma@gusevas-mbp.dyn.nyp.org
$$ /Users/simmma/nmr_sparky_data/hairpin/RE_22_10C_18082023/7/pdata/1/clevels
$$ process /opt/topspin4.0.6/prog/mod/dataserver
##$LEVELS= (0..255)
-38305330.3 -31921108.6 -26600923.8 -22167436.5 -18472863.8 -15394053.1
-12828377.6 -10690314.7 -8908595.6 -7423829.6 -6186524.7 -5155437.2 -4296197.7
-3580164.8 -2983470.6 -2486225.5 -2071854.6 -1726545.5 -1438787.9 -1198989.9
-999158.3 -832631.9 -693859.9 -578216.6 -481847.2 -401539.3 -334616.1 -278846.7
-232372.3 -193643.6 -161369.6 -134474.7 134474.7 161369.6 193643.6 232372.3
278846.7 334616.1 401539.3 481847.2 578216.6 693859.9 832631.9 999158.3
1198989.9 1438787.9 1726545.5 2071854.6 2486225.5 2983470.6 3580164.8 4296197.7
5155437.2 6186524.7 7423829.6 8908595.6 10690314.7 12828377.6 15394053.1
18472863.8 22167436.5 26600923.8 31921108.6 38305330.3 0 0 0 0 0 0 0 0
0 0 0 0 0 0 0 0 0 0 0 0 0 0 0 0 0 0 0 0 0 0 0 0 0 0 0 0 0 0 0 0 0 0 0 0
0 0 0 0 0 0 0 0 0 0 0 0 0 0 0 0 0 0 0 0 0 0 0 0 0 0 0 0 0 0 0 0 0 0 0 0
0 0 0 0 0 0 0 0 0 0 0 0 0 0 0 0 0 0 0 0 0 0 0 0 0 0 0 0 0 0 0 0 0 0 0 0
0 0 0 0 0 0 0 0 0 0 0 0 0 0 0 0 0 0 0 0 0 0 0 0 0 0 0 0 0 0 0 0 0 0 0 0
0 0 0 0 0 0 0 0 0 0 0 0 0 0 0 0 0 0 0 0 0 0 0 0 0 0 0 0 0 0 0 0 0 0 0 0
0 0 0 0
##$LEVSIGN= 3
##$MAXLEV= 60
##$METHOD= 0
##$NEGBASE= -134474.7
##$NEGINCR= 1.2
##$POSBASE= 134474.7
##$POSINCR= 1.2
##END=
