##TITLE= Parameter file, TopSpin 4.0.6
##JCAMPDX= 5.0
##DATATYPE= Parameter Values
##NPOINTS= 49	$$ modification sequence number
##ORIGIN= Bruker BioSpin GmbH
##OWNER= AlHashimi
$$ 2023-10-09 16:42:14.860 -0400  simmma@Gusevas-MacBook-Pro.local
$$ /Users/simmma/nmr_sparky_data/hairpin/RE_22_10C_18082023/5/pdata/1/clevels
$$ process /opt/topspin4.0.6/prog/mod/dataserver
##$LEVELS= (0..255)
-3593003.8 -2994169.9 -2495141.6 -2079284.6 -1732737.2 -1443947.7 -1203289.7
-1002741.4 -835617.9 -696348.2 -580290.2 -483575.2 -402979.3 -335816.1
-279846.7 -233205.6 -194338 -161948.3 -134956.9 -112464.1 -93720.1 -78100.1
-65083.4 -54236.2 -45196.8 -37664 -31386.7 -26155.6 -21796.3 -18163.6 -15136.3
-12613.6 12613.6 15136.3 18163.6 21796.3 26155.6 31386.7 37664 45196.8
54236.2 65083.4 78100.1 93720.1 112464.1 134956.9 161948.3 194338 233205.6
279846.7 335816.1 402979.3 483575.2 580290.2 696348.2 835617.9 1002741.4
1203289.7 1443947.7 1732737.2 2079284.6 2495141.6 2994169.9 3593003.8 0
0 0 0 0 0 0 0 0 0 0 0 0 0 0 0 0 0 0 0 0 0 0 0 0 0 0 0 0 0 0 0 0 0 0 0 0
0 0 0 0 0 0 0 0 0 0 0 0 0 0 0 0 0 0 0 0 0 0 0 0 0 0 0 0 0 0 0 0 0 0 0 0
0 0 0 0 0 0 0 0 0 0 0 0 0 0 0 0 0 0 0 0 0 0 0 0 0 0 0 0 0 0 0 0 0 0 0 0
0 0 0 0 0 0 0 0 0 0 0 0 0 0 0 0 0 0 0 0 0 0 0 0 0 0 0 0 0 0 0 0 0 0 0 0
0 0 0 0 0 0 0 0 0 0 0 0 0 0 0 0 0 0 0 0 0 0 0 0 0 0 0 0 0 0 0 0 0 0 0 0
0 0 0 0 0 0 0 0 0 0 0
##$LEVSIGN= 3
##$MAXLEV= 60
##$METHOD= 0
##$NEGBASE= -12613.6
##$NEGINCR= 1.2
##$POSBASE= 12613.6
##$POSINCR= 1.2
##END=
