##TITLE= Parameter file, TopSpin 3.6.2
##JCAMPDX= 5.0
##DATATYPE= Parameter Values
##NPOINTS= 1	$$ modification sequence number
##ORIGIN= Bruker BioSpin GmbH
##OWNER= AlHashimi
$$ 2023-08-22 14:12:01.487 -0400  AlHashimi@ps03drx600
$$ /opt/nmrdata/halhashimi/sima/LE_26_10C_22082023/6/pdata/1/clevels
$$ process /opt/topspin3.6.2/prog/mod/edparproc
##$LEVELS= (0..255)
-5697031.5 -4747526.3 -3956271.9 -3296893.2 -2747411 -2289509.2 -1907924.3
-1589936.9 -1324947.5 -1104122.9 -920102.4 -766752 -638960 -532466.7 -443722.2
-369768.5 -308140.4 -256783.7 -213986.4 -178322 -148601.7 -123834.7 -103195.6
-85996.3 -71663.6 -59719.7 -49766.4 -41472 -34560 -28800 -24000 -20000
20000 24000 28800 34560 41472 49766.4 59719.7 71663.6 85996.3 103195.6
123834.7 148601.7 178322 213986.4 256783.7 308140.4 369768.5 443722.2 532466.7
638960 766752 920102.4 1104122.9 1324947.5 1589936.9 1907924.3 2289509.2
2747411 3296893.2 3956271.9 4747526.3 5697031.5 0 0 0 0 0 0 0 0 0 0 0 0
0 0 0 0 0 0 0 0 0 0 0 0 0 0 0 0 0 0 0 0 0 0 0 0 0 0 0 0 0 0 0 0 0 0 0 0
0 0 0 0 0 0 0 0 0 0 0 0 0 0 0 0 0 0 0 0 0 0 0 0 0 0 0 0 0 0 0 0 0 0 0 0
0 0 0 0 0 0 0 0 0 0 0 0 0 0 0 0 0 0 0 0 0 0 0 0 0 0 0 0 0 0 0 0 0 0 0 0
0 0 0 0 0 0 0 0 0 0 0 0 0 0 0 0 0 0 0 0 0 0 0 0 0 0 0 0 0 0 0 0 0 0 0 0
0 0 0 0 0 0 0 0 0 0 0 0 0 0 0 0 0 0 0 0 0 0 0 0 0 0 0 0 0 0 0 0 0 0 0 0
##$LEVSIGN= 3
##$MAXLEV= 32
##$METHOD= 0
##$NEGBASE= -20000
##$NEGINCR= 1.2
##$POSBASE= 20000
##$POSINCR= 1.2
##END=
